function [wbc,mos,tp,acc,brz,agu,npo] = region_split
%UNTITLED12 Summary of this function goes here
%   Detailed explanation goes here

% WBC -------------------------------------
name = {'KOE';'Gulf Stream'; 'Agulhas'; 'Agulhas r.f.';...
        'Brazil-Malvinas c.f.'; 'Brazil-Malvinas';  'EAC'; 'Tasman Sea'}; 
wbc = nan(5,2,3);
%  Kuroshio Extension
x1=1380;x2=1700;x3=1700;x4=1380; y1=300;y2=300;y3=400;y4=400;
wbc(:,1,1) =[x1,x2,x3,x4,x1];
wbc(:,2,1) =[y1,y2,y3,y4,y1]+900;
% Gulf Stream
x1=2840;x2=3050;x3=3120;x4=2900; y1=340;y2=370;y3=430;y4=400;
wbc(:,1,2) =[x1,x2,x3,x4,x1];
wbc(:,2,2) =[y1,y2,y3,y4,y1]+900;

% EAC
x1=1487;x2=1537;x3=1579;x4=1529; y1=484;y2=480;y3=605;y4=612;
wbc(:,1,3) =[x1,x2,x3,x4,x1];
wbc(:,2,3) =[y1,y2,y3,y4,y1];

% Agulhas Current
x1=150;x2=470;x3=470;x4=320; x5=371;x6=211; x7=150;
y1=281;y2=281;y3=325;y4=325; y5=391;y6=325; y7=325; 
agu(:,1) =[x1,x2,x3,x4,x5,x6,x7,x1];
agu(:,2) =[y1,y2,y3,y4,y5,y6,y7,y1]+201;

% Brazil-Malvinas Confluence---------------
brz=nan(7,2);
x1=3011;x2=3300;x3=3300;x4=3110; x5=3150;x6=3050;
y1=213;y2=213;y3=240;y4=240; y5=332;y6=332; 
brz(:,1) =[x1,x2,x3,x4,x5,x6,x1];
brz(:,2) =[y1,y2,y3,y4,y5,y6,y1]+201;

% Tropical -------------------------------------
tp=nan(5,2);
x1=1610;x2=2700;x3=2700;x4=1610; 
y1=-40;y2=-40;y3=40;y4=40;
tp(:,1) = [x1,x2,x3,x4,x1];
tp(:,2) = [y1,y2,y3,y4,y1]+900;

% ACC -------------------------------------
acc=nan(5,2);
x1=1; x2=3600; x3=3600; x4=1; 
y1=251;y2=251; y3=400; y4=400;
acc(:,1) = [x1,x2,x3,x4,x1];
acc(:,2) = [y1,y2,y3,y4,y1];

% MOS -------------------------------------
mos=nan(5,2,4);
% io
x1=620;x2=1040;x3=1040;x4=620; 
y1=-350;y2=-350;y3=-110;y4=-110;
mos(:,1,1)=[x1,x2,x3,x4,x1]; 
mos(:,2,1)=[y1,y2,y3,y4,y1]+900;

%  spo
x1=1850;x2=2700;x3=2700;x4=1850; 
y1=-350;y2=-350;y3=-110;y4=-110;
mos(:,1,2)=[x1,x2,x3,x4,x1]; 
mos(:,2,2)=[y1,y2,y3,y4,y1]+900;

% nao
x1=3050;x2=3350;x3=3440;x4=3200; 
y1=110;y2=110;y3=350;y4=350;
mos(:,1,3)=[x1,x2,x3,x4,x1]; 
mos(:,2,3)=[y1,y2,y3,y4,y1]+900;

% sao
x1=3300;x2=3600;x3=3600;x4=3300; 
y1=-350;y2=-350;y3=-110;y4=-110;
mos(:,1,4)=[x1,x2,x3,x4,x1]; 
mos(:,2,4)=[y1,y2,y3,y4,y1]+900;

%  npo -----------------------------------
npo=nan(7,2);
x1=1450;x2=2450;x3=2250;x4=1650; 
y1=110;y2=110;y3=350;y4=350;
npo(:,1,1)=[x1,x2,x3,1800,1800,x1,x1]; 
npo(:,2,1)=[y1,y2,y3,250,250,250,y1]+900;
% ebc-----------------------

    

end

